0 
0 
0 
0 
0 
0 
0 
0 
0 
0 
0 
0 
0 
0 
0 
0 
0 
0 
0 
0 
0 
0 
0 
0 
0 
0 
0 
0 
0 
0 
0 
0 
0 
0 
0 
0 
0 
0 
0 
0 
0 
0 
0 
0 
0 
0 
0 
0 
0 
0 
0 
0 
0 
0 
0 
0 
0 
0 
0 
0 
0 
0 
2 
3 
4 
5 
0 
0 
0 
0 
0 
0 
0 
0 
0 
0 
0 
0 
0 
0 
0 
0 
0 
0 
0 
0 
0 
0 
0 
0 
0 
0 
0 
0 
0 
0 
0 
0 
0 
0 
0 
0 
0 
0 
0 
0 
0 
0 
0 
0 
0 
0 
0 
0 
0 
0 
0 
0 
0 
0 
0 
0 
0 
0 
0 
0 
940 
611 
-1204 
-1427 
919 
-1598 
-1161 
-1621 
646 
-1427 
1382 
1231 
859 
1335 
467 
-868 
-1130 
-477 
-537 
-1452 
1802 
-773 
-1677 
-853 
33 
789 
1676 
1507 
-1182 
2023 
-388 
-1824 
398 
284 
-936 
527 
1770 
1083 
1942 
1795 
825 
1894 
1523 
261 
-1727 
1332 
-1474 
-1204 
467 
-545 
1696 
-332 
-761 
555 
-563 
1241 
-1556 
717 
1313 
797 
994 
1984 
0 
0 
0 
0 
0 
0 
0 
0 
0 
0 
0 
0 
0 
0 
0 
0 
0 
0 
0 
0 
0 
0 
0 
0 
0 
0 
0 
0 
0 
0 
0 
0 
0 
0 
0 
0 
0 
0 
0 
0 
0 
0 
0 
0 
0 
0 
0 
0 
0 
0 
0 
0 
0 
0 
0 
0 
0 
0 
0 
0 
0 
0 
